
using LinearAlgebra
#   bar  x^3  ndiv1=1~7    ndiv2=12
a1=[966.3333333332627	0.33333333333333304	24.000000000049724	-6.000000000014212	0	0.06766137396983425	-0.2706454958646444	-2.260698422830002	-0.27064549591757303	0.06766137397572018	0	-1.684249447674323e-17	4.6492302463092967e-17;0.33333333333333304	966.3333333334284	-1.859692098539087e-17	1.2631870858271866e-17	0	0.06766137396983425	-0.2706454958646445	-2.260698422830002	-0.27064549591757303	0.06766137397572018	0	-5.99999999998423	23.999999999936836;24.000000000049724	-1.859692098539087e-17	-2.677956621901839e-15	1.2442392795352903e-15	0	-3.774879676439974e-18	1.509951870494019e-17	1.2612608982350206e-16	1.5099518707893115e-17	-3.774879676768354e-18	0	9.39655616942629e-34	-2.593841026005102e-33;-6.000000000014212	1.2631870858271866e-17	1.2442392795352903e-15	-4.547473508988661e-16	0	2.5640692142405543e-18	-1.0256276856405434e-17	-8.567055158006252e-17	-1.0256276858411194e-17	2.5640692144636055e-18	0	-6.3825664548413375e-34	1.761854281852518e-33;0	0	0	0	0	0	0	0	0	0	0	0	0;0.06766137396983425	0.06766137396983425	-3.774879676439974e-18	2.5640692142405543e-18	0	0.0034335461456143227	-0.013734184581711703	-0.11472147106508646	-0.013734184584397617	0.0034335461459130104	0	-3.418758952127378e-18	9.437199191021945e-18;-0.2706454958646444	-0.2706454958646445	1.509951870494019e-17	-1.0256276856405434e-17	0	-0.013734184581711703	0.054936738323864455	0.4588858842354342	0.05493673833460812	-0.013734184582906452	0	1.3675035807767135e-17	-3.774879676203851e-17;-2.260698422830002	-2.260698422830002	1.2612608982350206e-16	-8.567055158006252e-17	0	-0.11472147106508646	0.4588858842354342	3.8330680192395454	0.45888588432517585	-0.1147214710750662	0	1.1422740210028946e-16	-3.153152245561494e-16;-0.27064549591757303	-0.27064549591757303	1.5099518707893115e-17	-1.0256276858411194e-17	0	-0.013734184584397617	0.05493673833460812	0.45888588432517585	0.054936738345351774	-0.01373418458559237	0	1.3675035810441483e-17	-3.7748796769420827e-17;0.06766137397572018	0.06766137397572018	-3.774879676768354e-18	2.5640692144636055e-18	0	0.0034335461459130104	-0.013734184582906452	-0.1147214710750662	-0.01373418458559237	0.003433546146211698	0	-3.4187589524247797e-18	9.437199191842897e-18;0	0	0	0	0	0	0	0	0	0	0	0	0;-1.684249447674323e-17	-5.99999999998423	9.39655616942629e-34	-6.3825664548413375e-34	0	-3.418758952127378e-18	1.3675035807767135e-17	1.1422740210028946e-16	1.3675035810441483e-17	-3.4187589524247797e-18	0	6.063298011611609e-16	-2.0495210466557907e-15;4.6492302463092967e-17	23.999999999936836	-2.593841026005102e-33	1.761854281852518e-33	0	9.437199191021945e-18	-3.774879676203851e-17	-3.153152245561494e-16	-3.7748796769420827e-17	9.437199191842897e-18	0	-2.0495210466557907e-15	6.694891554667755e-15]
eigvals(a1)
a2=[968.6666666666082	0	24.13532274799838	-6.541290991810585	-4.521396845656648	-0.558206335284684	0.20298412192200146	0.5651746057089785	0.0676613739720043	-0.016915343492807117	0	0	0;0	968.6666666667495	0	0	0	-0.016915343493581494	0.06766137397355004	0.5651746057060227	0.2029841219142105	-0.5582063352628596	-4.521396845663789	-6.541290991754882	24.135322747879474;24.13532274799838	0	0.006867092292120067	-0.027468369168578696	-0.22944294214463917	-0.030901915314387237	0.02060127687625398	0.114721471072705	0.013734184583773935	-0.0034335461459041143	0	0	0;-6.541290991810585	0	-0.027468369168578696	0.10987347667467519	0.9177717685815293	0.12360766125794928	-0.08240510750528279	-0.458885884292306	-0.05493673833527364	0.013734184583660932	0	0	0;-4.521396845656648	0	-0.22944294214463917	0.9177717685815293	7.66613603844765	1.0324932396453594	-0.6883288264300998	-3.8330680192366993	-0.4588858842735225	0.1147214710670652	0	0	0;-0.558206335284684	-0.016915343493581494	-0.030901915314387237	0.12360766125794928	1.0324932396453594	0.14335055159660523	-0.10987347667287348	-0.6596484586655166	-0.08240510750232098	0.03347707492256862	0.11472147107309832	0.01373418458370887	-0.0034335461459265955;0.20298412192200146	0.06766137397355004	0.02060127687625398	-0.08240510750528279	-0.6883288264300998	-0.10987347667287348	0.13047475354853538	0.9177717685740396	0.12360766125282249	-0.08240510750115906	-0.4588858842871308	-0.05493673833420547	0.01373418458354888;0.5651746057089785	0.5651746057060227	0.114721471072705	-0.458885884292306	-3.8330680192366993	-0.6596484586655166	0.9177717685740396	6.707869033669208	0.917771768546799	-0.6596484586375806	-3.833068019242754	-0.4588858842705002	0.11472147106760426;0.0676613739720043	0.2029841219142105	0.013734184583773935	-0.05493673833527364	-0.4588858842735225	-0.08240510750232098	0.12360766125282249	0.917771768546799	0.13047475354071583	-0.10987347666495668	-0.6883288264101153	-0.08240510749884429	0.020601276874707357;-0.016915343492807117	-0.5582063352628596	-0.0034335461459041143	0.013734184583660932	0.1147214710670652	0.03347707492256862	-0.08240510750115906	-0.6596484586375806	-0.10987347666495668	0.14335055158563284	1.032493239610549	0.12360766124771291	-0.03090191531192268;0	-4.521396845663789	0	0	0	0.11472147107309832	-0.4588858842871308	-3.833068019242754	-0.6883288264101153	1.032493239610549	7.666136038511973	0.9177717685441689	-0.22944294213600108;0	-6.541290991754882	0	0	0	0.01373418458370887	-0.05493673833420547	-0.4588858842705002	-0.08240510749884429	0.12360766124771291	0.9177717685441689	0.1098734766648089	-0.027468369166199203;0	24.135322747879474	0	0	0	-0.0034335461459265955	0.01373418458354888	0.11472147106760426	0.020601276874707357	-0.03090191531192268	-0.22944294213600108	-0.027468369166199203	0.006867092291554752]
eigvals(a2)
a3=[971.4162688822291	0	23.14686095860515	-13.156783016175998	-0.7310457036002074	1.2331288755285033	0.1220933378376036	-0.03052333445939446	0	0	0	0	0;0	971.4162688823417	0	0	0	0	0	-0.030523334457908037	0.12209333783160689	1.2331288755150778	-0.7310457035732596	-13.156783016141546	23.146860958531995;23.14686095860515	0	0.16481021501099188	1.3972589297448264	0.08240510750430058	-0.7295313801865106	-0.08240510750537379	0.020601276876339097	0	0	0	0	0;-13.156783016175998	0	1.3972589297448264	11.852381529528866	0.6728778687669048	-6.405210942054708	-0.7037797840913501	0.3538212617524637	0.018026117266950453	-0.02666059504509298	-0.0025751596094353863	0.0006437899023587961	0;-0.7310457036002074	0	0.08240510750430058	0.6728778687669048	0.14420893813299204	0.5162466198278476	-0.020601276872153067	-0.7063549437005578	-0.07210446906779591	0.10664238018036318	0.010300638437740702	-0.0025751596094349734	0;1.2331288755285033	0	-0.7295313801865106	-6.405210942054708	0.5162466198278476	10.770733653749078	0.5162466198570452	-6.431871537097164	-0.6228890000114281	1.0731653052555354	0.10664238017573996	-0.0266605950439329	0;0.1220933378376036	0	-0.08240510750537379	-0.7037797840913501	-0.020601276872153067	0.5162466198570452	0.14420893812683044	0.6909039859806116	0.010300638437741707	-0.622888999975523	-0.0721044690605747	0.018026117265142264	0;-0.03052333445939446	-0.030523334457908037	0.020601276876339097	0.3538212617524637	-0.7063549437005578	-6.431871537097164	0.6909039859806116	12.206846581211526	0.690903986079402	-6.431871537126034	-0.7063549436727954	0.3538212617388669	0.020601276874640754;0	0.12209333783160689	0	0.018026117266950453	-0.07210446906779591	-0.6228890000114281	0.010300638437741707	0.690903986079402	0.14420893812987906	0.5162466197734659	-0.020601276878259196	-0.7037797840630166	-0.08240510749854596;0	1.2331288755150778	0	-0.02666059504509298	0.10664238018036318	1.0731653052555354	-0.622888999975523	-6.431871537126034	0.5162466197734659	10.770733653850167	0.5162466198079403	-6.40521094207886	-0.729531380157039;0	-0.7310457035732596	0	-0.0025751596094353863	0.010300638437740702	0.10664238017573996	-0.0721044690605747	-0.7063549436727954	-0.020601276878259196	0.5162466198079403	0.1442089381226236	0.6728778687517537	0.08240510749852564;0	-13.156783016141546	0	0.0006437899023587961	-0.0025751596094349734	-0.0266605950439329	0.018026117265142264	0.3538212617388669	-0.7037797840630166	-6.40521094207886	0.6728778687517537	11.852381529604227	1.397258929690203;0	23.146860958531995	0	0	0	0	0	0.020601276874640754	-0.08240510749854596	-0.729531380157039	0.08240510749852564	1.397258929690203	0.16481021499706053]
eigvals(a3)
a4=[974.7499999999548	0	17.199253969546888	-12.547015878101806	2.4455238171230436	0.20298412192269288	-0.05074603048069724	0	0	0	0	0	0;0	974.7500000000667	0	0	0	0	0	0	-0.0507460304784735	0.2029841219138931	2.445523817121902	-12.547015878052523	17.19925396947617;17.199253969546888	0	7.066493594423365	6.245216079645378	-6.271927287108922	-0.5039255338350552	0.3130600482491432	-0.04559571126161173	-0.003433546145932901	0.0008583865364733185	0	0	0;-12.547015878101806	0	6.245216079645378	5.724373852648992	-4.095148108402402	-1.0290596935024734	-0.49104973578638716	0.18238284504664004	0.013734184583745862	-0.003433546145896839	0	0	0;2.4455238171230436	0	-6.271927287108922	-4.095148108402402	15.843103156779554	-4.140743819669103	-6.089544442062257	2.1719495495592236	0.18238284504043895	-0.04559571125958446	0	0	0;0.20298412192269288	0	-0.5039255338350552	-1.0290596935024734	-4.140743819669103	6.034000354765192	5.755024730402001	-6.089544442079359	-0.4901913492290035	0.3096265020964102	-0.0455957112618581	-0.003433546145925709	0.0008583865364814254;-0.05074603048069724	0	0.3130600482491432	-0.49104973578638716	-6.089544442062257	5.755024730402001	6.034000354770233	-4.14074381969525	-1.032493239630846	-0.4901913492489378	0.18238284504534086	0.013734184583545337	-0.0034335461458863265;0	0	-0.04559571126161173	0.18238284504664004	2.1719495495592236	-6.089544442079359	-4.14074381969525	15.843103156837296	-4.140743819709128	-6.0895444420349465	2.171949549557973	0.18238284503888533	-0.045595711259721235;0	-0.0507460304784735	-0.003433546145932901	0.013734184583745862	0.18238284504043895	-0.4901913492290035	-1.032493239630846	-4.140743819709128	6.034000354746639	5.755024730403846	-6.089544442052658	-0.49104973576387817	0.3130600482352448;0	0.2029841219138931	0.0008583865364733185	-0.003433546145896839	-0.04559571125958446	0.3096265020964102	-0.4901913492489378	-6.0895444420349465	5.755024730403846	6.034000354751452	-4.140743819736123	-1.0290596934659892	-0.5039255338106022;0	2.445523817121902	0	0	0	-0.0455957112618581	0.18238284504534086	2.171949549557973	-6.089544442052658	-4.140743819736123	15.843103156894143	-4.095148108475507	-6.271927287093202;0	-12.547015878052523	0	0	0	-0.003433546145925709	0.013734184583545337	0.18238284503888533	-0.49104973576387817	-1.0290596934659892	-4.095148108475507	5.724373852662048	6.245216079635108;0	17.19925396947617	0	0	0	0.0008583865364814254	-0.0034335461458863265	-0.045595711259721235	0.3130600482352448	-0.5039255338106022	-6.271927287093202	6.245216079635108	7.066493594363237]
eigvals(a4)
a5=[976.4365472397193	0	12.560170662511089	-8.555844131988245	1.6843163355900157	-0.12450703767869417	-0.0006911153718846352	0.000004008013693662729	0.0000040391695338000765	0	0	0	0;0	976.4365472398545	0	0	0	0	0.000004039169532385191	0.000004008013693645974	-0.0006911153716545215	-0.1245070376794606	1.6843163355743447	-8.555844131902482	12.560170662389208;12.560170662511089	0	18.53945971730426	-1.770938608948648	-6.430865935118734	1.2179032504528173	-0.11709248321223856	0.0006790592355945524	0.0006843378255907458	0	0	0	0;-8.555844131988245	0	-1.770938608948648	8.327946752812823	0.9145232001338904	-6.993369392723069	2.1071739057425907	-0.015525620400036614	-0.013966104643514842	0	0	0	0;1.6843163355900157	0	-6.430865935118734	0.9145232001338904	6.411852479282813	2.3437336530159594	-5.5480853370759835	0.6094579033598376	0.04942145163368829	-0.03824034611553494	0.0038865952940470815	0	0;-0.12450703767869417	0	1.2179032504528173	-6.993369392723069	2.3437336530159594	9.63617359115984	-2.9312398375818547	-3.6417347762765777	0.20653599406540507	0.3247449016815617	-0.03824034611538975	0	0;-0.0006911153718846352	0.000004039169532385191	-0.11709248321223856	2.1071739057425907	-5.5480853370759835	-2.9312398375818547	14.092589251749663	-6.761356333740154	-1.0839777685599832	0.20653599406620216	0.04942145163180612	-0.01396610464328175	0.0006843378255882071;0.000004008013693662729	0.000004008013693645974	0.0006790592355945524	-0.015525620400036614	0.6094579033598376	-3.6417347762765777	-6.761356333740154	19.616951519590433	-6.761356333764872	-3.641734776221678	0.6094579033581831	-0.01552562040394177	0.0006790592358270633;0.0000040391695338000765	-0.0006911153716545215	0.0006843378255907458	-0.013966104643514842	0.04942145163368829	0.20653599406540507	-1.0839777685599832	-6.761356333764872	14.09258925181447	-2.931239837652541	-5.548085337045899	2.1071739057436174	-0.11709248321383353;0	-0.1245070376794606	0	0	-0.03824034611553494	0.3247449016815617	0.20653599406620216	-3.641734776221678	-2.931239837652541	9.63617359115223	2.343733653026197	-6.993369392710246	1.217903250453264;0	1.6843163355743447	0	0	0.0038865952940470815	-0.03824034611538975	0.04942145163180612	0.6094579033581831	-5.548085337045899	2.343733653026197	6.411852479197189	0.9145232001585523	-6.430865935079031;0	-8.555844131902482	0	0	0	0	-0.01396610464328175	-0.01552562040394177	2.1071739057436174	-6.993369392710246	0.9145232001585523	8.327946752800262	-1.7709386090267059;0	12.560170662389208	0	0	0	0	0.0006843378255882071	0.0006790592358270633	-0.11709248321383353	1.217903250453264	-6.430865935079031	-1.7709386090267059	18.539459717352514]
eigvals(a5)
a6=[976.9643816825693	0	10.865383791833526	-6.67268111629586	0.878808328626457	-0.02172930891624048	-0.015450957657147314	0.001287579804761481	0	0	0	0	0;0	976.9643816827148	0	0	0	0	0	0.0012875798046650439	-0.015450957655975043	-0.02172930891830185	0.8788083285976849	-6.672681116172663	10.865383791677402;10.865383791833526	0	23.68003047187158	-7.201181242487715	-4.006558351825602	0.5541686270575739	0.12360766125755474	-0.015450957657192527	0	0	0	0	0;-6.67268111629586	0	-7.201181242487715	15.433229646927378	-6.058973128273856	-2.0262611873015612	0.5256402838022569	0.014390121467313177	-0.015450957656882664	0.001287579804713082	0	0	0;0.878808328626457	0	-4.006558351825602	-6.058973128273856	18.347145404699383	-6.158676927059033	-3.6355423135717917	0.5256402838060984	0.12360766125492112	-0.015450957656583563	0	0	0;-0.02172930891624048	0	0.5541686270575739	-2.0262611873015612	-6.158676927059033	15.304997592441541	-6.156168963306953	-2.022196860329988	0.5256402838011831	0.014390121465401834	-0.015450957656638595	0.0012875798047220861	0;-0.015450957657147314	0	0.12360766125755474	0.5256402838022569	-3.6355423135717917	-6.156168963306953	18.3158285789714	-6.156168963375124	-3.6355423135117912	0.5256402837970664	0.12360766125085536	-0.015450957656339293	0;0.001287579804761481	0.0012875798046650439	-0.015450957657192527	0.014390121467313177	0.5256402838060984	-2.022196860329988	-6.156168963375124	15.304997592592144	-6.156168963487322	-2.0221968602249913	0.5256402837921986	0.014390121463418129	-0.015450957655980507;0	-0.015450957655975043	0	-0.015450957656882664	0.12360766125492112	0.5256402838011831	-3.6355423135117912	-6.156168963487322	18.315828579219062	-6.156168963555349	-3.6355423134523037	0.5256402837966496	0.12360766124780478;0	-0.02172930891830185	0	0.001287579804713082	-0.015450957656583563	0.014390121465401834	0.5256402837970664	-2.0221968602249913	-6.156168963555349	15.304997592742808	-6.1586769273217286	-2.0262611871842613	0.554168627051237;0	0.8788083285976849	0	0	0	-0.015450957656638595	0.12360766125085536	0.5256402837921986	-3.6355423134523037	-6.1586769273217286	18.34714540501693	-6.058973128530858	-4.0065583516961505;0	-6.672681116172663	0	0	0	0.0012875798047220861	-0.015450957656339293	0.014390121463418129	0.5256402837966496	-2.0262611871842613	-6.058973128530858	15.433229647227293	-7.201181242732189;0	10.865383791677402	0	0	0	0	0	-0.015450957655980507	0.12360766124780478	0.554168627051237	-4.0065583516961505	-7.201181242732189	23.680030472044713]
eigvals(a6)
a7=[977.0843326731614	0	10.461635983053165	-6.2832191421758585	0.8523631154032779	-0.12327610247321738	0.008163472996113062	0	0	0	0	0	0;0	977.0843326732991	0	0	0	0	0	0	0.008163472996046755	-0.1232761024726748	0.852363115380331	-6.283219142075327	10.461635982920164;10.461635983053165	0	25.11229725357723	-8.321188009644816	-4.666105329590976	1.5382354031697205	-0.12469274194406008	-0.00019476151510679226	0.000012202944564620956	0	0	0	0;-6.2832191421758585	0	-8.321188009644816	14.730647164401764	-2.625854798997818	-4.306466736118616	0.876646483239191	-0.07404733113337969	0.0034823704153253117	0	0	0	0;0.8523631154032779	0	-4.666105329590976	-2.625854798997818	14.486463290836937	-5.569778398022363	-3.6855906246582313	1.2888340944786625	-0.07483440327739221	-0.0058005420735837985	0.00030359590148332477	0	0;-0.12327610247321738	0	1.5382354031697205	-4.306466736118616	-5.569778398022363	15.670460697883327	-3.513799875801345	-4.511694426491551	0.7833985512049124	0.038721428722520095	-0.005800542073383365	0	0;0.008163472996113062	0	-0.12469274194406008	0.876646483239191	-3.6855906246582313	-3.513799875801345	13.841074109817127	-5.446380701443917	-2.6674788434853984	0.7833985512001734	-0.07483440327993605	0.0034823704157201547	0.000012202944558310342;0	0	-0.00019476151510679226	-0.07404733113337969	1.2888340944786625	-4.511694426491551	-5.446380701443917	17.486966252198922	-5.446380701492522	-4.511694426419905	1.2888340944696584	-0.0740473311358535	-0.00019476151500383786;0	0.008163472996046755	0.000012202944564620956	0.0034823704153253117	-0.07483440327739221	0.7833985512049124	-2.6674788434853984	-5.446380701492522	13.841074109924413	-3.5137998759290854	-3.685590624588763	0.8766464832313976	-0.12469274194349463;0	-0.1232761024726748	0	0	-0.0058005420735837985	0.038721428722520095	0.7833985512001734	-4.511694426419905	-3.5137998759290854	15.670460697985888	-5.569778398110632	-4.306466736059154	1.5382354031564496;0	0.852363115380331	0	0	0.00030359590148332477	-0.005800542073383365	-0.07483440327993605	1.2888340944696584	-3.685590624588763	-5.569778398110632	14.486463290890788	-2.6258547990814542	-4.666105329508092;0	-6.283219142075327	0	0	0	0	0.0034823704157201547	-0.0740473311358535	0.8766464832313976	-4.306466736059154	-2.6258547990814542	14.730647164508651	-8.321188009788209;0	10.461635982920164	0	0	0	0	0.000012202944558310342	-0.00019476151500383786	-0.12469274194349463	1.5382354031564496	-4.666105329508092	-8.321188009788209	25.112297253670462]
eigvals(a7)